20
1000000000 100000
999999999 1 999999999 1000000000
249718282 93729
1 5 6 999917908
59 26
14 19 681 59
28 21
6 5 1 85919
1000000000 100000
1 1 1 1000000000
1000000000 100000
99999 1 99999 100000
186 75
68 16 539 186
131 74
1 9 10 78736
977365070 59489
8 5 9 999966210
177 73
7 7 5 56401
497151700 96511
9 7 6 999919625
78 51
3 5 5 51230
1000000000 1
12 7 74 12
45068754 29153
2 9 5 999904402
46 18
7 11 9 46
1000000000 100000
100000 1 0 1000000000
82 81
58 56 739 82
22 21
1 4 869 22
98 59
6 30 524 98
66 39
35 2 589 66
